>>> import tiledb
>>> uri = "backwards-compatibility-data/data/0.0.21/flat_float32/shuffled_vectors"
>>> with tiledb.open(uri, 'r') as A:
...  A[1:10, 1:10]
... 
OrderedDict({'values': array([[ 35.,   1.,  47.,   1.,  69.,  42.,  36.,  35.,  13.],
       [ 19.,   5.,  14.,   0.,   9.,  55.,  10.,  11.,  18.],
       [ 20.,   3.,  25.,   0.,   6.,   4.,   7.,   5.,  11.],
       [  3.,  44.,   2.,  14.,   2.,  16.,   0.,  13.,  14.],
       [  1.,  40.,   3.,  16.,   3.,  26.,   0.,   4.,   6.],
       [ 13.,  20.,   4.,  30.,   7.,  24.,  31.,   4.,   4.],
       [ 11.,  14.,   7.,  50.,  25.,  10.,  30.,   4.,  14.],
       [ 16.,  10.,  14.,   2.,  64.,   1.,  11.,   9.,  39.],
       [119., 100., 122.,  40., 130.,  91.,  69.,  41.,  54.]],
      dtype=float32)})
>>> tiledb.version(); tiledb.libtiledb.version()
(0, 36, 0)
(2, 30, 0)

>>> import tiledb
>>> uri = "backwards-compatibility-data/data/0.0.21/flat_float32/shuffled_vectors"
>>> with tiledb.open(uri, 'r') as A:
...  A[1:10, 1:10]
... 
OrderedDict({'values': array([[ 35.,   1.,  47.,   1.,  69.,  42.,  36.,  35.,  13.],
       [ 19.,   5.,  14.,   0.,   9.,  55.,  10.,  11.,  18.],
       [ 20.,   3.,  25.,   0.,   6.,   4.,   7.,   5.,  11.],
       [  3.,  44.,   2.,  14.,   2.,  16.,   0.,  13.,  14.],
       [  1.,  40.,   3.,  16.,   3.,  26.,   0.,   4.,   6.],
       [ 13.,  20.,   4.,  30.,   7.,  24.,  31.,   4.,   4.],
       [ 11.,  14.,   7.,  50.,  25.,  10.,  30.,   4.,  14.],
       [ 16.,  10.,  14.,   2.,  64.,   1.,  11.,   9.,  39.],
       [119., 100., 122.,  40., 130.,  91.,  69.,  41.,  54.]],
      dtype=float32)})
>>> tiledb.version(); tiledb.libtiledb.version()
(0, 35, 0)
(2, 29, 0)
